0 1 2 0 1 T7727
0 1 3 8 2 C2013
0 1 3 12 2 C2033
0 1 3 16 2 C2057
0 1 3 20 2 C2073
0 1 3 22 3 C2085
0 1 3 23 2 C2087
0 2 1 9 3 A1391
0 2 2 5 8 T5993
0 2 3 12 9 C1451
0 2 3 6 12 C39
0 2 3 10 11 C9427
0 2 3 17 12 C4823
0 2 3 22 10 C93
0 3 2 20 20 T8427
0 3 3 23 18 C317
0 3 3 7 27 C2497
0 3 3 13 25 C2441
0 4 1 12 3 A3205
0 4 2 6 5 T4263
0 4 3 11 6 C4215
0 4 3 9 8 C1043
0 4 3 14 9 C3413
0 4 3 18 8 C4839
0 4 3 23 10 C4393
0 5 1 16 3 A4035
0 5 2 11 21 T49
0 5 3 22 30 C1363
0 5 3 8 37 C823
0 5 3 13 35 C931
0 6 3 7 5 C485
0 6 3 17 10 C541
0 6 3 9 11 C31
0 6 3 14 13 C67
0 6 3 21 12 C91
0 7 1 16 2 A57
0 7 2 6 6 T53
0 7 3 10 6 C43
0 7 3 8 7 C3225
0 7 3 15 6 C53
0 7 3 20 7 C33
0 8 2 7 4 T93
0 8 3 18 5 C73
0 8 3 10 9 C3123
0 8 3 14 8 C7737
0 8 3 20 11 C3915
0 9 3 7 26 C4221
0 9 3 17 25 C6431
0 9 3 10 30 C71
0 9 3 14 28 C4239
0 9 3 23 28 C4421
0 10 2 8 9 T9931
0 10 3 19 12 C4213
0 10 3 4 35 C5373
0 10 3 12 26 C5043
0 11 1 14 2 A4203
0 11 3 7 6 C57
0 11 3 19 4 C39
0 11 3 10 13 C3117
0 11 3 18 21 C101
0 11 3 22 15 C419
0 12 2 5 21 T599
0 12 3 17 14 C201
0 12 3 9 27 C503
0 12 3 13 20 C505
0 12 3 20 22 C69
0 13 3 13 21 C175
0 13 3 16 22 C151
0 13 3 20 19 C21
0 14 1 9 3 A13
0 14 2 8 10 T55
0 14 3 12 8 C325
0 14 3 15 11 C303
0 14 3 19 25 C27
0 14 3 23 13 C355
1 0 2 5 2 T7728
1 0 3 10 1 C2018
1 0 3 17 1 C2626
1 0 3 9 2 C282
1 0 3 2 2 C8924
1 0 3 14 2 C8902
1 0 3 21 2 C336
1 2 3 9 4 C1704
1 2 3 12 4 C1292
1 2 3 19 11 C257
1 2 3 13 23 C1267
1 3 3 21 21 C888
1 3 3 9 36 C932
1 3 3 16 32 C2660
1 4 2 8 6 T1709
1 4 3 20 18 C388
1 4 3 10 12 C1572
1 4 3 15 11 C128
1 5 3 8 10 C1705
1 5 3 13 29 C386
1 5 3 18 21 C1704
1 5 3 22 23 C257
1 6 3 3 14 C368
1 6 3 14 6 C1294
1 6 3 9 15 C365
1 6 3 21 17 C206
1 7 3 7 4 C5
1 7 3 11 17 C335
1 7 3 15 8 C1213
1 7 3 20 10 C1202
1 7 3 0 6 C1227
1 8 2 6 13 T347
1 8 3 1 12 C171
1 8 3 11 13 C335
1 8 3 16 9 C117
1 9 3 16 11 C1281
1 9 3 8 11 C1571
1 9 3 11 12 C1297
1 10 3 7 35 C920
1 10 3 12 40 C728
1 10 3 17 37 C537
1 11 3 6 5 C51
1 11 3 13 6 C1225
1 11 3 20 15 C281
1 11 3 9 5 C367
1 12 2 8 16 T238
1 12 3 14 8 C252
1 12 3 22 17 C204
1 14 3 7 9 C9442
1 14 3 11 8 C301
1 14 3 15 10 C723
1 14 3 20 12 C325
2 0 2 8 5 T1564
2 0 3 11 4 C290
2 0 3 14 6 C82
2 0 3 19 6 C72
2 0 3 22 7 C50
2 1 3 5 3 C126
2 1 3 10 9 C364
2 1 3 17 12 C370
2 1 3 23 11 C4023
2 3 3 6 18 C702
2 3 3 16 21 C5011
2 3 3 19 17 C1024
2 3 3 23 20 C361
2 4 3 5 5 C105
2 4 3 10 3 C4177
2 4 3 13 2 C3181
2 4 3 21 7 C175
2 5 3 8 6 C2203
2 5 3 13 18 C385
2 5 3 18 19 C6539
2 5 3 23 22 C291
2 6 3 4 2 C285
2 6 3 7 3 C4275
2 6 3 10 5 C485
2 6 3 19 4 C2387
2 7 3 8 5 C370
2 7 3 13 4 C1820
2 7 3 10 6 C1922
2 7 3 18 5 C3182
2 8 3 7 6 C3022
2 8 2 11 4 T3154
2 8 3 16 8 C1876
2 8 3 21 7 C1976
2 9 3 5 10 C7719
2 9 3 10 8 C2207
2 9 3 17 12 C49
2 9 3 22 17 C9
2 10 3 13 6 C81
2 10 3 18 20 C507
2 10 3 23 12 C939
2 11 3 9 5 C596
2 11 3 4 13 C2908
2 11 3 19 14 C114
2 12 3 10 3 C850
2 12 3 16 6 C2802
2 12 3 21 8 C1347
2 13 3 7 19 C5019
2 13 3 15 18 C177
2 13 3 22 20 C4920
2 14 3 6 8 C1905
2 14 3 13 10 C295
2 14 3 21 21 C32
3 0 3 8 13 C622
3 0 3 12 11 C646
3 0 2 16 11 T180
3 0 3 20 17 C275
3 1 3 8 22 C975
3 1 3 15 20 C7567
3 1 3 17 21 C886
3 2 3 10 18 C2566
3 2 3 17 20 C30
3 2 3 20 21 C359
3 4 3 7 12 C321
3 4 3 11 15 C9301
3 4 3 18 14 C1087
3 5 3 6 23 C195
3 5 3 12 22 C1030
3 5 3 21 19 C4027
3 7 3 12 27 C1331
3 7 3 16 31 C6560
3 7 3 20 33 C3553
3 8 3 12 23 C1335
3 8 3 19 22 C1220
3 8 3 23 22 C1023
3 11 3 9 35 C3547
3 11 3 14 37 C4075
3 11 3 18 37 C1805
3 12 3 10 33 C1228
3 12 3 17 34 C2661
3 12 3 21 32 C1295
3 13 3 2 12 C311
3 13 3 10 13 C4739
3 13 3 19 12 C5032
4 0 2 9 4 T672
4 0 3 14 5 C664
4 0 3 17 8 C438
4 0 3 22 13 C8
4 0 3 3 12 C90
4 1 3 8 6 C1712
4 1 3 11 9 C1714
4 1 3 16 18 C126
4 2 3 1 2 C870
4 2 3 9 4 C98
4 2 3 18 3 C834
4 5 3 7 4 C24
4 5 3 11 3 C89
4 5 3 17 5 C2679
4 6 3 12 4 C834
4 6 3 18 7 C5682
4 6 3 21 11 C308
4 7 3 10 5 C362
4 7 3 17 15 C94
4 7 3 23 16 C306
4 8 3 7 10 C3576
4 8 3 13 9 C1884
4 8 3 22 15 C2188
4 9 3 9 5 C2855
4 9 3 12 10 C691
4 9 3 22 9 C4071
4 10 3 10 9 C8728
4 10 3 16 7 C1959
4 10 3 23 15 C1032
4 11 3 9 7 C1986
4 11 3 14 20 C468
4 11 3 23 18 C9482
4 12 3 9 6 C820
4 12 3 16 11 C9843
4 12 3 19 14 C266
5 0 1 9 3 A602
5 0 2 10 9 T574
5 0 3 15 8 C50
5 0 3 19 26 C818
5 0 3 23 29 C118
5 2 3 8 6 C2204
5 2 3 14 19 C2206
5 2 3 22 17 C4530
5 7 3 16 11 C1976
5 7 3 7 30 C354
5 7 3 20 27 C8537
5 11 3 9 12 C2187
5 11 3 13 22 C9582
5 11 3 19 38 C352
5 14 3 9 15 C9432
5 14 3 14 28 C390
5 14 3 23 21 C9847
6 0 2 8 5 T534
6 0 3 16 6 C406
6 0 3 20 10 C162
6 0 3 12 11 C2
6 1 2 10 6 T294
6 1 3 22 12 C208
6 1 3 23 11 C9484
6 7 3 16 4 C3066
6 7 3 11 13 C3232
6 7 3 7 11 C7734
6 11 3 8 7 C7046
6 11 3 13 5 C2387
6 11 3 22 8 C255
6 14 3 10 5 C2045
6 14 3 15 8 C7326
6 14 3 19 10 C803
7 0 1 16 2 A632
7 0 2 7 4 T6
7 0 3 13 6 C138
7 0 3 10 8 C142
7 0 3 20 7 C140
7 2 3 9 4 C1920
7 2 3 15 9 C1822
7 2 3 21 8 C6069
7 4 3 10 9 C1189
7 4 3 17 6 C253
7 4 3 22 15 C164
7 11 3 4 2 C1511
7 11 3 12 3 C45
7 11 3 18 3 C79
8 0 3 8 4 C106
8 0 3 12 5 C122
8 0 3 17 9 C46
8 0 3 23 8 C420
8 7 2 2 2 T47
8 7 3 10 4 C463
8 7 3 20 3 C1156
8 9 3 9 9 C3057
8 9 3 18 12 C4927
8 9 3 22 24 C237
9 0 3 10 12 C310
9 0 3 11 22 C10
9 0 3 22 31 C590
9 8 3 10 8 C954
9 8 3 15 11 C3058
9 8 3 23 10 C9348
9 11 3 6 15 C1522
9 11 3 11 11 C2264
9 11 3 19 24 C1339
10 0 2 13 10 T402
10 0 3 18 27 C508
10 0 3 7 30 C404
10 9 3 4 3 C1502
10 9 3 13 5 C2854
10 9 3 20 5 C9533
10 14 3 8 9 C3011
10 14 3 13 8 C1696
10 14 3 22 11 C1758
11 0 1 17 3 A202
11 0 2 11 6 T38
11 0 3 19 17 C280
11 0 3 23 14 C166
11 7 3 6 1 C942
11 7 3 12 2 C512
11 7 3 19 3 C9091
11 14 3 10 3 C1657
11 14 3 17 4 C4088
11 14 3 16 6 C3169
12 0 3 9 5 C84
12 0 3 13 8 C66
12 0 3 21 7 C402
12 11 3 11 5 C1355
12 11 3 16 6 C2364
12 11 3 19 7 C1324
12 13 3 9 20 C4762
12 13 3 16 21 C4472
12 13 3 19 23 C265
13 0 3 7 26 C1173
13 0 3 12 21 C176
13 0 3 18 36 C152
13 3 3 9 11 C8943
13 3 3 18 12 C816
13 3 3 22 12 C8692
13 12 3 5 22 C8348
13 12 3 10 25 C266
13 12 3 19 23 C5839
13 14 3 10 25 C260
13 14 3 12 34 C163
13 14 3 22 30 C9049
14 0 1 14 3 A405
14 0 2 12 9 T324
14 0 3 7 17 C56
14 11 3 10 4 C3218
14 11 3 16 6 C9932
14 11 3 21 7 C3136
14 13 3 6 26 C306
14 13 3 15 33 C2187
14 13 3 23 30 C2047